A:
[[17 76 20]]
[[21 93 63]]
[[68 30 42]]


L:
[1 0 0]
[21/17 1 0]
[4 4658/15 1]


U:
[17 76 20]
[0 -15/17 651/17]
[0 0 -59648/5]


Product:
[17 76 20]
[21 93 63]
[68 30 42]


A:
[[20 18 10]]
[[36 79 15]]
[[38 14 26]]


L:
[1 0 0]
[9/5 1 0]
[19/10 -101/233 1]


U:
[20 18 10]
[0 233/5 -3]
[0 0 1328/233]


Product:
[20 18 10]
[36 79 15]
[38 14 26]


A:
[[24 88 50]]
[[81 48 64]]
[[17 36 66]]


L:
[1 0 0]
[27/8 1 0]
[17/24 79/747 1]


U:
[24 88 50]
[0 -249 -419/4]
[0 0 31121/747]


Product:
[24 88 50]
[81 48 64]
[17 36 66]


A:
[[19 49 29]]
[[92 48 78]]
[[75 65 99]]


L:
[1 0 0]
[92/19 1 0]
[75/19 610/899 1]


U:
[19 49 29]
[0 -3596/19 -1186/19]
[0 0 24166/899]


Product:
[19 49 29]
[92 48 78]
[75 65 99]


A:
[[42 77 65]]
[[68 48 6]]
[[40 71 22]]


L:
[1 0 0]
[34/21 1 0]
[20/21 7/230 1]


U:
[42 77 65]
[0 -230/3 -2084/21]
[0 0 -29692/805]


Product:
[42 77 65]
[68 48 6]
[40 71 22]


A:
[[37 88 22]]
[[51 27 53]]
[[33 49 87]]


L:
[1 0 0]
[51/37 1 0]
[33/37 1091/3489 1]


U:
[37 88 22]
[0 -3489/37 839/37]
[0 0 210344/3489]


Product:
[37 88 22]
[51 27 53]
[33 49 87]


A:
[[88 42 27]]
[[47 47 53]]
[[95 31 30]]


L:
[1 0 0]
[47/88 1 0]
[95/88 -631/1081 1]


U:
[88 42 27]
[0 1081/44 3395/88]
[0 0 25265/1081]


Product:
[88 42 27]
[47 47 53]
[95 31 30]


A:
[[30 24 51]]
[[47 80 82]]
[[16 28 84]]


L:
[1 0 0]
[47/30 1 0]
[8/15 19/53 1]


U:
[30 24 51]
[0 212/5 21/10]
[0 0 5941/106]


Product:
[30 24 51]
[47 80 82]
[16 28 84]


A:
[[84 18 42]]
[[57 77 55]]
[[9 56 38]]


L:
[1 0 0]
[19/28 1 0]
[3/28 757/907 1]


U:
[84 18 42]
[0 907/14 53/2]
[0 0 10324/907]


Product:
[84 18 42]
[57 77 55]
[9 56 38]


A:
[[91 99 17]]
[[12 34 5]]
[[71 74 18]]


L:
[1 0 0]
[12/91 1 0]
[71/91 -295/1906 1]


U:
[91 99 17]
[0 1906/91 251/91]
[0 0 9841/1906]


Product:
[91 99 17]
[12 34 5]
[71 74 18]


